s / f1 / feature count
: 0.8455 152358
/ 0.8451 152846
U 0.8450 153271
c 0.8449 152772
5 0.8447 153042
[ 0.8447 153234
} 0.8446 153270
9 0.8446 153135
+ 0.8445 153205
J 0.8444 153271
H 0.8444 153271
_ 0.8443 153217
? 0.8443 152528
B 0.8442 153271
4 0.8442 153061
L 0.8442 153271
R 0.8442 153271
i 0.8441 153713
C 0.8440 153271
0 0.8440 152893
K 0.8439 153271
h 0.8438 152200
D 0.8438 153271
N 0.8438 153271
p 0.8438 152694
M 0.8437 153271
r 0.8437 152185
& 0.8437 152630
G 0.8437 153271
8 0.8437 153104
{ 0.8437 153265
Y 0.8437 153271
v 0.8437 153145
Z 0.8437 153271
O 0.8436 153271
2 0.8436 152856
f 0.8436 152638
x 0.8436 152708
w 0.8434 152358
= 0.8434 153223
V 0.8434 153271
E 0.8434 153271
a 0.8433 152077
7 0.8433 153156
z 0.8432 153257
! 0.8432 151890
P 0.8432 153271
6 0.8432 153142
T 0.8431 153271
3 0.8431 153006
Q 0.8431 153271
. 0.8430 150079
s 0.8430 148751
k 0.8430 152783
< 0.8429 153137
b 0.8428 152778
A 0.8428 153271
q 0.8428 153262
* 0.8427 152981
> 0.8427 153125
' 0.8427 151963
X 0.8427 153271
l 0.8427 152249
\ 0.8427 153255
" 0.8426 152670
m 0.8426 152203
# 0.8426 153081
^ 0.8425 153228
- 0.8425 152369
] 0.8425 153227
d 0.8425 152002
y 0.8425 152403
1 0.8424 152872
@ 0.8423 153252
F 0.8423 153271
n 0.8422 151973
` 0.8422 153258
S 0.8421 153271
I 0.8421 153271
j 0.8420 153239
, 0.8419 150817
e 0.8419 151726
| 0.8419 153234
$ 0.8417 153181
% 0.8416 153243
g 0.8416 152767
W 0.8415 153271
; 0.8414 153160
) 0.8412 152797
u 0.8410 152694
t 0.8408 151052
o 0.8402 151716
( 0.8356 151033